4294967278,14
4294967278,384
4294967279,285
4294967279,271
4294967279,279
4294967278,273
4294967279,277
4294967278,399
4294967279,276
4294967279,329
4294967279,259
4294967278,280
4294967279,301
4294967279,300
4294967279,256
4294967279,255
4294967278,261
4294967279,254
4294967278,278
4294967279,253
4294967278,258
4294967279,552
4294967279,553
4294967279,336
4294967278,360
4294967278,59
4294967278,56
4294967278,53
4294967278,50
4294967278,174
4294967278,9
4294967279,230
4294967279,323
4294967279,72
4294967279,70
4294967279,62
4294967279,61
4294967279,57
4294967279,40
4294967279,33
4294967279,30
4294967279,28
4294967279,25
4294967279,570
4294967278,362
4294967279,252
4294967279,568
4294967278,374
4294967279,546
4294967278,358
4294967279,249
4294967278,250
4294967279,248
4294967278,248
4294967278,246
4294967278,245
4294967279,241
4294967279,239
4294967278,238
4294967279,237
4294967278,237
4294967279,236
4294967278,236
4294967279,235
4294967279,233
4294967278,232
4294967279,231
4294967278,228
4294967279,222
4294967278,296
4294967279,220
4294967279,218
149,7
4294967279,335
4294967278,215
4294967278,213
4294967278,212
4294967279,212
4294967294,1095
4294967278,211
4294967278,210
4294967279,210
4294967279,326
4294967278,341
4294967278,205
4294967279,208
149,6
4294967278,207
149,5
4294967279,207
149,4
4294967278,206
149,3
149,2
149,1
4294967279,206
4294967278,260
4294967279,541
4294967279,334
4294967278,393
4294967279,521
4294967278,355
4294967278,336
4294967279,520
4294967278,195
4294967279,197
4294967279,196
4294967278,352
4294967279,189
4294967279,322
4294967279,188
4294967278,187
4294967279,74
4294967279,187
4294967278,186
4294967279,186
4294967278,185
4294967278,184
4294967279,184
4294967278,183
146,6
4294967279,183
146,5
4294967278,182
146,4
4294967279,182
146,3
146,2
146,1
4294967278,181
4294967294,1172
4294967294,420
4294967294,415
4294967294,444
4294967294,449
4294967294,404
4294967294,405
4294967294,465
4294967294,164
4294967294,457
4294967294,113
4294967278,178
4294967278,306
4294967278,177
4294967279,177
4294967294,473
4294967278,176
4294967278,305
4294967279,176
4294967279,297
4294967279,175
4294967278,172
4294967279,170
4294967279,172
4294967278,171
4294967279,171
4294967279,319
4294967279,169
4294967278,168
4294967279,168
4294967278,167
4294967279,167
4294967278,166
4294967279,166
4294967279,559
4294967278,398
4294967278,52
4294967279,318
4294967278,51
4294967278,163
4294967294,1422
4294967279,51
4294967278,161
4294967279,49
4294967279,532
4294967279,160
4294967279,158
143,6
143,5
4294967279,157
143,4
4294967278,156
143,3
143,2
143,1
4294967278,392
4294967279,333
4294967279,152
4294967279,330
4294967278,381
4294967279,151
4294967278,295
4294967279,149
4294967279,147
4294967278,147
4294967278,146
4294967278,345
4294967294,1006
4294967279,143
4294967278,143
4294967279,286
4294967294,1424
4294967294,1423
4294967279,141
4294967279,140
140,4
140,3
140,2
140,1
4294967278,136
139,4
4294967279,135
139,3
139,2
139,1
4294967279,134
4294967278,134
4294967279,133
4294967278,133
4294967278,276
4294967278,309
4294967279,269
4294967279,282
4294967294,1420
4294967279,303
4294967278,270
4294967279,14
4294967279,306
138,6
4294967279,299
4294967278,266
4294967278,308
138,5
4294967279,258
4294967278,264
138,4
4294967279,257
138,3
138,2
138,1
4294967279,274
4294967278,285
4294967278,378
4294967279,281
4294967279,328
137,5
4294967278,257
137,4
4294967278,387
137,3
137,2
137,1
4294967279,548
4294967278,254
4294967279,545
4294967279,250
4294967278,253
136,5
136,4
136,3
136,2
136,1
4294967279,245
4294967294,393
4294967294,389
4294967294,120
4294967278,241
135,5
135,4
135,3
135,2
135,1
4294967279,565
4294967278,234
4294967294,470
4294967279,229
4294967278,233
4294967279,232
4294967278,230
4294967279,227
4294967278,226
4294967278,223
133,4
4294967279,215
133,3
133,2
133,1
4294967294,468
4294967279,214
4294967294,424
0,7
4294967279,542
4294967294,0
4294967294,1000
4294967294,396
4294967294,409
4294967294,29
4294967294,186
4294967294,1001
4294967294,179
4294967294,178
4294967294,167
4294967294,1176
4294967294,183
4294967294,454
4294967294,169
4294967294,1
4294967294,450
4294967279,528
4294967278,292
4294967279,527
4294967278,344
4294967294,392
4294967294,390
4294967294,115
4294967294,114
4294967294,2
4294967294,388
4294967279,525
4294967278,342
4294967294,46
4294967279,524
4294967279,544
4294967279,539
4294967279,0
4294967279,564
4294967279,523
4294967278,372
4294967294,107
4294967294,91
4294967294,90
4294967294,87
4294967294,86
4294967294,85
4294967294,84
4294967294,419
4294967294,1175
4294967294,1174
4294967294,1017
4294967294,28
4294967294,53
4294967294,45
4294967294,427
4294967294,44
4294967294,89
4294967279,203
4294967279,563
4294967279,10
4294967279,202
4294967279,201
4294967278,200
4294967279,200
4294967278,199
4294967279,199
4294967294,469
4294967278,198
4294967279,198
4294967278,197
4294967278,196
4294967294,5
4294967279,562
4294967279,194
4294967278,132
4294967278,377
4294967278,131
4294967278,130
4294967278,391
4294967278,129
4294967278,128
4294967278,319
4294967278,127
4294967278,126
4294967278,125
4294967278,124
4294967278,123
4294967278,122
4294967278,121
4294967278,249
4294967278,120
4294967278,247
4294967278,119
4294967278,118
4294967278,243
4294967278,117
4294967278,116
4294967278,115
4294967278,114
4294967278,113
4294967278,112
4294967278,111
4294967278,110
4294967278,109
4294967278,227
4294967278,108
4294967278,107
4294967278,106
4294967278,105
4294967278,104
4294967278,103
4294967278,102
4294967278,101
4294967278,100
4294967278,99
